MAX: 6, MIN: 2
Average: 3.666666
SD: 1.699672
